1  1
1  1
1  1
1  51
1  101
1  151
1  151
1  201
1  201
1  201
1  201
1  201
1  201
1  201
1  201
1  251
1  251
1  251
1  351
1  451
51  51
51  51
51  51
51  51
51  51
51  101
51  101
51  201
51  351
51  451
51  451
101  1
101  151
101  351
101  351
101  401
151  51
201  1
201  51
201  201
201  351
201  451
251  1
251  1
251  1
251  1
251  1
251  51
251  151
251  151
251  151
251  251
251  401
251  401
301  151
301  201
301  201
301  201
351  201
351  351
351  451
401  151
401  151
401  201
401  201
401  251
451  1
451  1
451  151
451  151
451  151
451  201
451  301
451  351
