341  161
331  431
181  181
441  431
101  51
131  61
341  81
201  141
261  91
121  41
241  131
81  261
161  141
141  431
271  141
391  121
311  131
241  451
381  281
81  361
201  61
191  221
391  331
51  91
161  61
431  431
81  71
21  121
301  111
261  111
81  281
191  141
451  421
391  141
221  151
141  161
221  41
151  31
181  41
121  91
111  361
321  91
351  181
431  451
461  431
121  411
381  331
171  131
111  391
241  101
251  441
161  111
171  451
401  431
171  51
441  421
91  61
361  431
461  451
251  251
31  101
401  351
111  411
361  241
421  381
281  111
201  451
231  131
351  441
271  451
131  181
391  431
241  151
311  441
51  81
81  61
201  261
381  301
391  241
371  281
231  151
131  421
381  111
81  301
71  71
111  171
261  451
191  51
461  421
391  161
251  221
381  431
181  61
361  211
121  431
141  171
251  141
171  151
211  141
81  321
131  41
451  461
391  181
221  191
91  371
141  201
221  81
251  61
101  61
81  351
141  301
201  441
391  211
101  381
381  371
121  161
331  141
161  151
361  261
281  131
141  221
171  91
281  451
301  121
141  31
371  91
381  101
301  441
221  451
151  441
341  431
181  451
451  431
111  51
381  311
231  61
201  201
411  431
321  101
81  211
361  91
111  81
231  91
171  31
291  121
441  401
391  391
131  31
