206  226
76  116
56  156
261  436
151  146
61  91
341  136
206  91
106  251
266  151
111  366
176  96
441  241
326  291
266  416
146  171
51  91
86  296
341  266
316  111
236  91
306  326
146  301
341  131
181  151
221  251
381  441
76  241
436  166
131  186
41  131
136  301
246  271
121  276
386  421
211  151
441  366
341  126
121  141
461  51
106  241
196  171
236  216
256  441
196  436
166  166
261  156
176  216
266  91
191  186
56  141
161  181
301  341
371  256
226  176
426  201
351  436
76  231
131  176
296  91
56  91
421  131
176  431
211  141
446  291
221  191
201  231
321  296
461  41
161  176
451  271
146  151
76  226
356  271
146  416
176  426
316  311
101  246
106  361
96  326
166  241
246  121
321  291
221  451
366  451
216  116
311  106
131  386
226  166
76  221
201  91
176  156
56  81
141  216
116  141
106  356
191  171
446  281
201  221
36  126
191  436
81  286
256  156
426  186
356  261
176  151
271  141
146  406
286  291
336  121
436  226
251  446
191  166
166  231
146  271
36  121
76  166
291  91
71  106
276  386
171  431
146  136
176  146
41  101
101  231
156  176
111  281
256  281
166  226
141  291
286  151
406  216
36  116
81  276
281  301
411  151
71  101
111  146
166  91
231  211
291  351
341  181
206  136
221  301
451  336
146  216
216  451
436  216
311  441
51  136
306  106
431  366
421  191
456  41
76  156
276  376
111  141
251  301
426  391
266  411
436  346
411  411
266  191
141  416
111  271
286  361
166  216
446  261
306  101
421  186
256  91
171  151
76  151
266  141
191  236
91  316
286  91
201  151
216  441
66  106
361  261
111  266
306  96
446  256
186  436
226  91
266  136
331  116
411  136
221  241
431  221
141  141
266  401
341  166
206  121
181  186
346  281
71  171
136  291
251  156
271  381
331  246
241  191
106  146
261  196
236  121
76  141
121  396
291  331
141  136
266  396
216  166
281  146
231  276
451  316
66  96
176  206
106  141
81  206
361  251
441  131
261  411
396  236
171  136
76  136
46  141
276  176
341  156
96  236
161  216
226  211
76  266
331  236
46  91
291  276
211  176
136  411
326  261
281  91
121  386
236  196
456  101
451  41
131  161
411  206
221  91
176  196
306  296
86  311
46  86
181  301
321  461
151  111
131  291
326  256
161  161
121  381
341  146
251  91
161  426
416  396
451  36
411  201
391  241
176  191
191  161
271  446
326  251
446  316
121  376
341  141
456  91
286  461
336  291
326  116
236  451
256  191
231  256
206  181
421  106
451  116
441  331
306  286
216  231
201  206
211  161
426  86
416  121
116  256
451  246
456  86
226  146
76  201
341  221
421  101
206  176
176  181
206  441
396  431
251  211
231  116
321  266
386  246
446  306
216  91
171  196
156  296
146  121
266  186
126  291
131  406
176  176
211  106
246  91
156  426
186  216
136  206
116  246
346  461
101  346
276  146
336  276
231  241
341  211
126  286
206  166
101  211
451  101
111  261
236  301
91  221
126  151
331  291
181  96
321  256
186  211
336  226
256  126
101  341
156  286
246  216
441  46
151  216
181  226
381  251
111  256
116  371
126  146
386  231
136  196
251  281
101  336
346  271
236  161
76  181
321  116
231  451
341  201
156  146
211  91
111  251
206  241
436  56
171  176
211  221
76  176
411  166
441  36
61  151
126  271
266  431
341  196
431  71
161  256
216  201
466  56
271  146
226  251
241  221
76  126
436  51
261  446
201  441
126  401
151  156
146  96
226  116
216  151
151  421
266  426
101  191
76  256
186  146
421  156
266  291
301  96
171  166
341  186
201  301
226  196
466  46
86  301
