309  239
323  155
407  225
239  659
421  169
15  295
113  309
43  631
645  309
505  253
435  197
435  435
113  659
211  309
127  575
645  183
141  659
407  211
239  645
421  155
421  393
15  281
113  295
43  617
127  687
645  295
323  253
435  183
113  645
127  561
505  113
421  141
239  631
15  267
113  281
533  449
43  603
435  169
533  323
449  351
211  281
127  309
141  631
505  99
421  127
239  617
15  253
113  267
631  113
449  463
43  589
1  183
435  155
533  71
547  253
141  617
239  603
15  239
113  253
113  491
449  449
43  575
141  491
239  239
1  169
15  351
99  183
435  141
435  379
141  365
141  603
337  267
239  589
15  225
113  239
155  659
239  225
15  337
659  295
337  253
169  687
15  211
435  239
113  225
561  253
323  183
421  197
15  323
365  463
631  183
561  127
561  365
659  281
15  197
435  225
113  211
547  323
141  211
561  239
15  309
113  323
365  449
43  645
169  659
15  183
113  197
533  127
463  477
225  267
561  225
351  281
365  435
463  351
43  155
141  309
155  491
337  211
169  645
15  169
29  351
113  183
463  225
463  463
155  365
561  211
673  281
351  267
365  421
449  253
463  337
57  561
337  197
253  225
15  155
29  337
463  211
449  365
561  197
169  505
673  267
351  253
183  687
365  407
449  239
463  323
57  547
575  253
337  183
253  211
463  197
561  183
57  659
575  365
169  491
351  239
365  393
155  211
155  687
169  365
253  197
561  169
57  645
575  351
169  239
351  225
365  379
197  575
547  127
43  337
141  253
169  351
169  589
197  687
57  155
155  309
561  155
169  225
183  645
141  239
659  183
253  169
169  575
477  309
561  141
155  295
169  211
267  225
183  631
29  155
141  225
477  183
71  673
169  561
687  267
379  407
589  253
379  281
477  169
71  659
267  85
183  491
687  253
71  533
589  239
617  477
379  267
589  351
169  295
85  323
267  71
281  225
379  379
57  337
155  253
505  393
183  351
85  673
183  589
617  463
197  505
211  687
589  337
169  281
379  365
155  239
505  379
267  169
603  127
617  449
197  253
281  85
169  267
603  239
617  323
379  351
505  365
85  169
267  155
183  561
603  113
617  435
197  239
281  71
393  407
575  127
169  253
85  519
519  393
197  589
505  351
267  141
99  575
603  337
617  421
197  225
99  687
197  337
295  113
211  519
491  155
407  421
505  337
267  127
519  253
99  561
99  323
603  323
617  407
295  225
127  659
71  337
505  449
197  323
295  99
393  253
225  687
491  141
407  407
267  113
617  393
505  435
295  85
225  673
491  127
407  393
267  99
617  379
127  631
225  547
1  155
505  421
99  169
519  99
519  337
435  365
99  645
617  491
211  239
491  113
239  575
589  127
519  449
617  365
533  393
631  309
127  617
225  533
505  407
421  435
519  85
519  323
617  239
113  575
197  281
211  225
309  141
127  491
239  561
183  239
99  505
617  113
617  351
113  687
141  687
323  169
407  239
239  673
421  183
421  421
519  71
533  253
113  561
197  267
211  211
309  127
71  155
239  547
435  211
435  449
617  337
