151  281
431  271
261  61
71  221
161  221
381  41
81  231
71  111
251  371
271  111
101  481
391  201
111  101
381  471
231  221
431  191
151  91
51  391
101  81
121  151
161  251
81  261
351  131
241  21
141  211
171  191
91  91
371  51
351  341
71  241
211  71
41  81
321  71
391  221
131  401
491  381
181  231
251  101
261  111
291  91
441  261
131  111
51  121
51  11
201  481
111  151
21  41
111  41
251  201
211  421
231  161
221  41
161  481
51  441
141  51
31  51
411  311
261  31
271  371
131  211
441  291
311  471
451  21
241  71
41  101
61  351
271  81
341  231
121  411
41  421
251  121
431  161
151  61
101  231
491  331
351  281
321  121
311  391
91  461
281  91
21  61
491  431
31  1
241  311
101  41
211  151
441  311
71  211
421  461
401  31
341  471
331  131
131  51
451  471
271  101
441  21
381  461
101  361
301  81
421  171
171  261
151  81
411  471
331  451
51  381
461  161
261  81
121  141
241  121
71  21
101  391
481  111
251  171
231  131
231  21
131  291
121  171
111  331
471  311
441  151
171  391
61  211
361  51
151  211
241  361
441  471
381  191
361  481
351  361
81  381
431  21
211  91
481  461
131  101
411  201
51  111
391  241
21  31
221  141
481  61
221  31
51  431
201  181
351  461
121  191
271  471
161  291
11  11
451  11
301  451
91  31
281  271
231  471
361  181
111  171
111  61
461  311
221  61
251  111
231  71
281  481
201  101
411  331
271  391
471  471
41  121
131  121
271  281
261  51
461  21
321  111
41  11
81  111
221  271
281  81
61  151
41  441
251  141
201  311
341  141
261  151
161  421
181  271
171  41
301  471
81  321
221  481
211  141
61  471
131  41
261  471
411  31
151  291
81  31
61  181
301  71
371  331
131  471
121  241
261  71
331  331
121  131
41  141
241  111
71  121
461  471
391  211
281  101
181  401
21  1
91  291
31  11
181  291
311  111
211  161
41  171
121  51
151  251
361  151
121  481
61  201
471  11
321  481
181  211
171  91
81  481
381  181
211  191
91  101
121  81
331  61
111  241
151  341
101  401
231  251
91  311
61  121
401  281
461  91
351  161
51  21
261  441
351  51
191  41
21  51
111  51
241  481
391  41
91  231
221  51
421  21
441  481
191  471
121  211
401  201
481  471
161  201
81  101
191  71
141  271
471  61
31  91
181  261
151  71
101  241
251  21
451  131
291  121
11  21
131  251
141  481
191  171
