379  673
309  239
309  477
393  617
477  323
435  113
155  547
323  155
575  337
323  393
449  533
547  449
85  183
225  169
141  575
267  239
435  561
323  57
631  393
211  197
169  127
169  673
141  239
183  547
603  337
407  99
281  57
449  407
463  491
505  253
337  449
421  281
295  239
393  155
141  449
477  645
561  477
71  351
407  309
281  267
631  505
1  435
379  659
491  253
197  99
533  561
365  687
505  127
225  155
407  183
113  533
365  351
323  589
1  449
337  225
211  85
351  407
393  169
267  127
519  253
365  323
533  673
407  631
449  393
337  435
43  281
477  393
435  183
477  631
323  463
407  295
197  113
225  477
155  43
519  365
71  309
491  239
323  127
29  477
519  603
561  673
337  309
505  659
547  421
169  197
603  645
533  211
407  169
421  589
141  519
155  393
323  239
239  505
449  379
351  57
43  505
267  85
617  603
379  155
225  225
99  421
323  351
631  449
337  295
379  57
421  127
309  407
267  435
603  631
533  197
449  463
281  351
337  197
421  575
295  533
85  113
183  267
225  337
99  533
155  141
407  603
631  561
379  477
267  71
141  407
267  309
155  351
365  197
253  337
351  253
393  323
99  169
267  519
183  687
435  603
365  407
407  477
505  393
141  281
393  225
225  113
183  351
491  113
491  659
365  617
449  449
169  379
379  491
127  169
127  407
435  477
29  323
617  365
463  197
281  547
169  43
141  155
141  393
267  295
393  337
155  337
519  659
617  575
435  379
407  253
281  449
337  57
379  365
253  323
337  603
141  365
183  127
393  309
435  351
71  267
365  393
463  309
211  225
295  57
309  141
309  379
141  267
477  225
533  169
407  127
449  197
449  435
547  351
169  365
295  267
127  155
589  659
225  71
141  477
617  351
407  337
365  267
281  533
631  533
253  407
141  141
155  323
239  127
463  631
211  547
1  365
351  225
141  589
393  533
99  141
71  253
379  323
337  253
421  631
85  407
477  211
155  197
491  631
337  463
295  253
589  645
253  421
309  575
141  463
85  71
393  645
477  113
155  645
561  491
617  337
533  365
323  183
281  281
197  687
547  547
253  393
