309  239
281  183
379  99
295  365
309  449
435  561
197  561
281  393
379  309
379  547
309  351
225  379
267  141
379  211
295  239
253  169
351  85
351  323
323  477
547  533
379  421
309  225
351  295
225  491
365  449
407  211
239  407
211  519
407  183
197  547
379  533
295  561
267  127
323  253
505  547
295  225
309  547
393  379
267  575
323  463
379  169
337  337
379  407
309  211
351  281
351  519
225  477
533  547
407  197
239  393
253  575
211  505
575  519
197  533
505  561
309  85
267  113
281  575
211  379
309  295
295  449
393  365
155  365
491  561
323  449
239  169
337  85
337  323
295  421
309  197
351  505
533  533
295  85
211  491
295  323
183  365
365  85
197  519
281  351
267  407
225  575
365  295
365  533
295  197
295  435
449  575
281  463
379  141
393  323
393  561
225  449
323  337
463  561
337  519
211  477
295  309
393  225
267  183
267  421
519  547
281  99
281  337
561  519
365  281
365  519
309  267
393  337
281  211
449  561
379  127
393  309
351  477
225  435
393  547
477  561
323  85
281  421
337  267
267  169
337  477
379  239
169  365
253  435
267  379
253  407
309  253
211  575
197  365
281  197
295  379
197  575
281  407
337  491
267  155
267  365
407  561
239  449
253  393
