253  631
113  337
239  659
421  169
379  645
71  477
337  239
211  435
225  379
351  659
561  575
71  449
491  617
281  295
589  393
337  449
253  169
85  57
141  449
351  323
225  281
435  435
71  351
533  589
631  267
505  225
239  197
337  351
85  267
267  15
603  211
71  561
197  99
533  561
113  631
617  533
421  155
589  505
379  631
463  603
519  589
71  225
337  225
505  575
295  15
211  421
85  141
393  477
225  365
183  295
225  603
169  659
71  435
407  631
337  435
85  589
225  29
141  435
225  267
99  225
603  533
533  99
71  337
631  253
197  659
631  491
169  533
337  337
351  281
141  645
71  309
435  631
71  547
407  197
281  155
337  309
589  491
309  659
519  575
71  211
365  645
575  519
239  295
85  127
267  659
71  421
533  113
491  589
337  421
421  253
337  659
85  575
267  323
477  617
533  85
71  323
421  463
85  239
435  617
71  533
491  225
631  449
365  659
281  141
337  295
421  365
295  323
309  645
99  631
561  323
155  477
71  197
575  505
239  281
463  239
85  113
183  29
519  225
561  533
239  253
547  43
337  645
393  351
477  603
547  253
337  71
295  645
351  491
645  379
113  43
71  519
323  645
295  71
589  463
225  659
99  617
155  463
561  309
71  183
533  183
379  15
85  99
225  85
267  631
71  393
407  351
631  309
239  239
239  477
547  29
323  211
85  309
211  589
393  99
253  659
575  365
407  253
253  85
253  323
645  365
71  505
407  463
239  351
281  659
337  267
589  449
295  295
267  169
99  57
561  295
113  239
71  169
281  85
337  477
379  239
99  267
155  659
71  379
365  267
631  295
323  197
547  15
169  29
337  379
169  267
309  491
113  351
421  183
309  155
645  351
197  29
197  575
575  561
337  253
589  435
337  491
141  253
267  155
183  561
99  43
71  463
323  281
407  113
85  71
211  659
365  15
323  183
631  281
547  547
211  323
