309  239
253  631
309  477
687  505
491  505
533  267
197  351
463  379
365  463
379  99
547  449
211  533
1  351
477  533
561  365
71  239
71  477
239  323
337  1
407  673
29  379
337  687
141  211
393  155
351  85
309  15
323  477
449  617
505  225
183  183
225  491
57  379
435  645
365  687
463  603
85  477
267  225
309  673
561  351
659  505
407  183
365  113
323  43
379  295
211  183
253  491
85  379
393  169
477  183
323  253
197  211
449  155
197  449
547  309
295  225
99  225
561  463
239  183
197  113
505  211
281  491
309  211
351  281
295  673
435  631
29  477
491  477
449  267
239  631
421  141
211  505
561  337
365  99
533  449
323  29
295  1
57  239
225  589
519  239
57  477
323  239
197  435
547  295
351  57
225  15
155  365
197  407
323  687
211  43
43  477
617  505
197  71
239  617
463  575
211  491
43  379
127  211
15  253
267  197
561  323
155  477
533  435
547  379
393  449
393  687
267  645
645  505
113  477
323  225
197  183
449  365
197  421
295  197
393  113
225  1
15  365
435  155
379  141
211  29
337  71
85  225
225  211
491  449
239  603
211  477
183  351
365  71
1  267
253  211
225  561
533  393
323  211
281  1
463  435
211  351
43  239
421  225
267  295
519  421
603  491
197  379
379  127
505  407
393  309
141  365
477  561
435  351
491  197
197  281
337  267
281  659
211  463
351  687
155  211
491  407
407  127
575  477
197  491
337  477
295  267
141  477
71  379
407  337
463  183
211  337
379  687
309  253
183  211
253  645
533  281
281  197
281  281
337  43
253  309
1  365
421  659
225  183
267  491
99  379
533  253
407  449
239  337
435  239
113  225
491  393
253  183
309  29
127  379
295  491
239  211
463  169
421  197
